0	1	2
3	4	5
6	7	8
9	10	11
12	13	14

mb3 ------------------使用3gap，便于和MB5作比较。
最好的：0	7	14
一般的：0	6	12
		1	7	13
		3	8	14
更一般：0	5	10
		1	6	11
		2	7	12
		3	8	13
		4	9	14
再一般: 0	4	8
		1	5	9
		2	6	10
		3	7	11
		4	8	12
		5	9	13
		6	10	14	
最一般：0	3	6------3 gap
		1	5	7
		2	6	8
		3	7	9
		4	8	10
		5	9	11
最最般：0	2	4
		1	3	5
		2	4	6
		3	5	7
		4	6	8

mb5  == ok == sample - 010203/1234567 使用2gap便于比较MB5/6/7/8
最好的：0	3	6	9	12  --- 3gap
		1	4	7	10	13
		2	5	8	11	14
次好的：0	2	4	6	8  --- 2 gap
		1	3	5	7	9
		2	4	6	8	10
		3	5	7	9	11
		4	6	8	10	12
		5	7	9	11	13
		6	8	10	12	14

mb6  == ok == sample - 12345
最好的：0	2	4	6	8	10  --- 2 gap
		1	3	5	7	9	11
		2	4	6	8	10	12
		3	5	7	9	11	13
		4	6	8	10	12	14

mb7: == ok == sample - 123
最好的：0	2	4	6	8	10	12  ---- 2 gap
		1	3	5	7	9	11	13
		2	4	6	8	10	12	14

mb8: == ok == sample - 1
最好的：0	2	4	6	8	10	12	14	 --- 2 gap


mb9: == ok == sample - 123 ---- 1 gap
最次的：0	1	2	3	4	5	6	7	8
		1	2	3	4	5	6	7	8	9
		2	3	4	5	6	7	8	9	10
		3	4	5	6	7	8	9	10	11
		4	5	6	7	8	9	10	11	12
		5	6	7	8	9	10	11	12	13
		6	7	8	9	10	11	12	13	14

		